1100 1203 1210 1215 1217
1224 1231 1234 1235 1303
1304 1423 1428 1429 4100
4202 4203 4206 4207 4208
4209 4211 4212 4213 4214
4215 4301 4321 4322 4323
4324 4341 4361 4362 4401
4404 4406 4421 4422 4423
4424 4444 4445 4501 4505
7561 8203 8204 8208 8211
8217 8219 8220 8224 8230
8235 8442 8443 8447 8542
8546 8564 9201 9203 9205
9206 9208 9209 9210 9211
9213 9214 9215 9216 9301
9342 9343 9344 9345 9361
9364 9384 9386 9411 10207
10521 10522 11100 11201 11202
11203 11206 11208 11209 11210
11211 11212 11214 11215 11216
11217 11218 11219 11221 11222
11223 11224 11225 11227 11228
11229 11230 11231 11232 11233
11234 11235 11237 11238 11239
11240 11241 11242 11243 11245
11246 11301 11324 11326 11327
11341 11342 11343 11346 11347
11348 11349 11361 11369 11381
11385 11408 11442 11464 11465
12100 12203 12204 12206 12207
12208 12210 12211 12212 12213
12216 12217 12218 12219 12220
12221 12222 12224 12225 12226
12227 12228 12229 12230 12231
12232 12233 12235 12236 12237
12238 12239 12322 12329 12342
12347 12403 12409 12410 12421
12422 12423 12424 12426 12427
12441 12443 12463 13101 13102
13103 13104 13105 13106 13107
13108 13109 13110 13111 13112
13113 13114 13115 13116 13117
13118 13119 13120 13121 13122
13123 13201 13202 13203 13204
13205 13206 13207 13208 13209
13210 13211 13212 13213 13214
13215 13218 13219 13220 13221
13222 13223 13224 13225 13227
13228 13229 13303 13305 14100
14130 14150 14201 14203 14204
14205 14206 14207 14208 14210
14211 14212 14213 14214 14215
14216 14217 14218 14301 14321
14341 14342 14361 14362 14363
14364 14366 14383 14384 14401
14402 15100 15204 15206 15209
15211 15212 15213 15218 15223
15227 15307 15342 15361 15385
15581 19206 19212 19366 19422
21201 21202 21204 21208 21209
21210 21211 21212 21213 21214
21216 21218 21221 21302 21303
21341 21361 21362 21381 21382
21383 21403 21404 21421 21501
21503 21505 21521 22100 22130
22205 22207 22209 22210 22211
22212 22213 22214 22216 22221
22224 22226 22424 22461 23100
23202 23203 23204 23205 23206
23207 23208 23209 23210 23211
23212 23213 23214 23215 23216
23217 23219 23220 23222 23223
23224 23225 23226 23227 23228
23229 23230 23232 23233 23234
23235 23236 23237 23238 23302
23342 23361 23362 23424 23425
23427 23441 23442 23445 23446
23447 23501 23562 24202 24205
24207 24208 24214 24303 24324
24341 24343 24344 25201 25202
25204 25206 25207 25208 25209
25210 25211 25212 25213 25383
25384 26100 26204 26206 26207
26208 26209 26210 26211 26213
26214 26303 26322 26343 26344
26364 26365 26366 26367 26407
27100 27140 27202 27203 27204
27205 27206 27207 27208 27209
27210 27211 27212 27213 27214
27215 27216 27217 27218 27219
27220 27221 27222 27223 27224
27225 27226 27227 27228 27229
27230 27231 27232 27301 27321
27322 27341 27361 27362 27366
27381 27382 27383 28100 28201
28202 28203 28204 28206 28207
28208 28210 28214 28215 28216
28217 28218 28219 28220 28221
28226 28228 28229 28301 28381
28382 28443 28464 29201 29202
29203 29204 29205 29206 29207
29208 29209 29210 29211 29212
29342 29343 29344 29345 29361
29362 29363 29385 29401 29402
29424 29425 29426 29427 29441
29442 29443 30201 30203 30209
30341 30343 33100 33202 33204
33205 33208 33209 33211 33212
33213 33216 33346 33423 33445
33461 33663 33666 33681 34100
34202 34211 34212 34213 34214
34215 34302 34304 34307 34309
34368 34369 35201 35208 35321
38201 38207 38210 38215 38386
38401 38402 38422 40100 40130
40202 40203 40204 40205 40206
40207 40211 40212 40213 40214
40215 40216 40217 40218 40219
40220 40221 40223 40224 40226
40227 40228 40229 40230 40305
40341 40342 40343 40344 40345
40348 40349 40381 40382 40383
40384 40401 40402 40421 40447
40503 40522 40544 40601 40602
40604 40605 40608 40609 40610
40621 40625 40642 40646 40647
41202 41203 41327 41341 41345
41346 43100 43202 43206 43208
43210 43211 43212 43213 43214
43216 43348 43364 43367 43368
43369 43403 43404 43428 43432
43433 43441 43442 43443 43444
43447 43468 46201 46204 46210
46214 46215 46216 46218 46219
46220 46223 46225
